  -- System info -- 
 Number of particles  : 10
 Number of dimensions : 3
 Number of Metropolis steps run : 10^4.99998
 Number of equilibration steps  : 10^4
 Number of parameters : 1

  -- Results -- 
 Param_1        E              E^2            VAR            % Accepted Transitions
 0.5            19.5059        385.254        4.7721         0.955478       
 0.488689       19.7321        393.011        3.65556        0.954948       
 0.47988        19.5691        386.148        3.1996         0.955908       
 0.472924       19.4055        380.143        3.57138        0.956268       
 0.464869       19.2869        375.232        3.24866        0.956678       
 0.457276       19.4722        381.715        2.54783        0.956698       
 0.450571       19.2367        372.842        2.78989        0.959688       
 0.443863       19.3405        376.995        2.93919        0.958738       
 0.437129       19.4966        382.043        1.92363        0.958738       
 0.432998       19.3476        376.698        2.36713        0.960968       
 0.428082       18.9884        362.824        2.26487        0.960868       
 0.423334       19.171         370.067        2.53912        0.961528       
 0.418483       19.2639        373.559        2.46171        0.962358       
 0.415008       19.2495        372.379        1.83603        0.961998       
 0.412886       19.2843        373.93         2.04426        0.961148       
 0.409757       19.2299        371.999        2.21075        0.962468       
 0.410003       19.0585        365.316        2.08775        0.962028       
 0.407573       19.2523        372.329        1.67664        0.962068       
 0.405209       19.1327        368.229        2.1691         0.963539       
 0.402436       19.1752        369.517        1.8306         0.963659       
 0.401517       19.2103        370.773        1.73684        0.963329       
 0.398662       19.1009        366.526        1.68092        0.962789       
 0.396321       19.1796        369.653        1.79785        0.963159       
 0.396076       19.03          364.026        1.8854         0.962639       
 0.395445       19.2605        372.618        1.65183        0.963439       
 0.394912       19.3682        376.798        1.67051        0.963129       
 0.396142       19.1163        367.266        1.83233        0.962559       
 0.396868       19.0572        364.997        1.82172        0.962739       
 0.39595        19.2307        371.99         2.16919        0.964099       
 0.395444       19.2393        372.009        1.85654        0.963069       
 0.394134       19.0271        363.748        1.71634        0.962739       
 0.392484       19.1433        368.074        1.60706        0.963789       
 0.391003       19.4296        379.262        1.75216        0.963709       
 0.390395       19.4598        380.442        1.75923        0.963659       
 0.391509       19.3316        375.638        1.9293         0.963449       
 0.393414       19.2152        370.724        1.49839        0.965509       
 0.394648       19.2981        374.049        1.63107        0.962248       
 0.394041       19.1604        368.996        1.87638        0.963629       
 0.393105       19.3622        376.633        1.7391         0.963989       
 0.394198       19.0451        364.614        1.89873        0.964179       
 0.392313       19.3288        375.113        1.51185        0.963509       
 0.392504       19.2221        371.147        1.6573         0.963459       
 0.39315        19.1676        369.26         1.86501        0.964319       
 0.393842       19.0902        366.118        1.68075        0.964049       
 0.392877       19.2461        372.024        1.6114         0.962579       
 0.391912       19.222         371.249        1.7654         0.963459       
 0.390558       19.3219        375.276        1.9384         0.964189       
 0.391332       19.1703        369.154        1.65519        0.963389       
 0.390381       19.1032        366.722        1.788          0.963879       
 0.390684       19.4388        379.687        1.81857        0.964189       
 0.39333        19.2432        371.895        1.59439        0.963889       
 0.391796       19.2254        371.395        1.77827        0.964129       
 0.390923       19.4949        381.739        1.68985        0.963949       
 0.393169       19.3067        374.332        1.58282        0.963659       
 0.393444       19.2919        373.977        1.80074        0.962819       
 0.394837       19.2503        372.338        1.76583        0.963779       
 0.396324       19.3           374.421        1.9309         0.962709       
 0.395605       19.2206        371.348        1.91774        0.963529       
 0.396152       19.2036        370.501        1.72365        0.963659       
 0.395418       19.1911        369.927        1.62956        0.962869       
 0.394894       19.1188        367.371        1.84275        0.963599       
 0.394703       19.1922        370.34         1.99997        0.962859       
 0.394611       19.2324        371.624        1.73781        0.963479       
 0.394535       19.005         363.041        1.85088        0.962809       
 0.393277       19.327         375.141        1.60974        0.963849       
 0.392476       19.1786        369.581        1.76364        0.963439       
 0.392695       19.1502        368.442        1.71271        0.962759       
 0.392088       19.0446        364.238        1.5421         0.964089       
 0.390625       19.1232        367.426        1.72809        0.963629       
 0.391359       19.2458        372.027        1.62528        0.963079       
 0.391386       19.1062        366.694        1.6459         0.964599       
 0.389128       19.1389        367.917        1.61727        0.963029       
 0.38929        19.1226        367.258        1.58306        0.964229       
 0.389257       19.4053        378.464        1.90003        0.963339       
 0.391899       19.3224        375.147        1.7918         0.963729       
 0.393478       19.0841        366.032        1.83032        0.963139       
 0.391619       19.1387        367.747        1.4571         0.963579       
 0.390639       19.2386        371.856        1.73339        0.963549       
 0.390437       19.1336        367.643        1.54799        0.963049       
 0.389803       19.1714        369.234        1.69306        0.962579       
 0.389166       19.2403        371.949        1.76154        0.963889       
 0.388773       19.2491        372.216        1.68697        0.963049       
 0.388912       19.4047        378.269        1.72485        0.963819       
 0.391798       19.2262        371.417        1.77163        0.962739       
 0.393408       19.2787        373.514        1.8453         0.964419       
 0.394032       19.1485        368.668        2.00139        0.963289       
 0.393308       19.2373        371.884        1.80838        0.963289       
 0.392706       19.2879        373.52         1.49663        0.963529       
 0.392281       19.3268        375.362        1.83586        0.963219       
 0.392583       19.1714        368.954        1.41101        0.963739       
 0.392862       19.3518        376.045        1.55493        0.963059       
 0.393703       19.1185        367.34         1.82411        0.964079       
 0.392533       19.1481        367.98         1.33183        0.963919       
 0.391551       19.0231        364.104        2.22529        0.963179       
 0.389232       19.104         366.421        1.45795        0.964379       
 0.386591       19.1739        369.039        1.40188        0.964579       
 0.386499       19.1303        367.514        1.54605        0.964589       
 0.385127       19.3612        376.521        1.66592        0.964199       
 0.388378       19.1031        366.803        1.87502        0.964319       
 0.386792       19.3265        375.258        1.74578        0.963609       
 0.388366       19.2729        372.999        1.55586        0.963729       
 0.388674       19.1087        367.101        1.96053        0.963089       
 0.388406       19.1332        367.924        1.84505        0.963619       
 0.389242       19.1472        368.459        1.84291        0.962869       
 0.389892       18.9813        362.109        1.82032        0.964519       
 0.387646       19.3774        377.185        1.70047        0.963719       
 0.390377       19.3886        377.48         1.56228        0.964209       
 0.391423       19.2838        373.53         1.66625        0.963789       
 0.391564       19.3042        374.468        1.81386        0.963879       
 0.393047       19.1107        367.141        1.9233         0.964119       
 0.393061       19.2858        373.664        1.72065        0.964059       
 0.393018       19.3128        375.088        2.1042         0.964209       
 0.394853       19.0898        366.201        1.78097        0.962959       
 0.393966       19.2787        373.58         1.91049        0.964529       
 0.394323       19.3141        374.774        1.7386         0.962178       
 0.393903       19.2578        372.486        1.6246         0.963809       
 0.391934       19.1126        367.11         1.81838        0.963289       
 0.392434       19.0341        363.87         1.57271        0.964149       
 0.390699       19.2073        370.699        1.78073        0.964369       
 0.390148       19.246         371.885        1.47695        0.963389       
 0.391483       19.3389        375.477        1.48241        0.964489       
 0.390591       19.4864        381.311        1.59294        0.963489       
 0.390896       19.1402        368.07         1.7238         0.964389       
 0.391316       19.2337        371.498        1.56295        0.964339       
 0.39136        19.2213        371.067        1.60787        0.963829       
 0.391909       19.2853        373.757        1.83236        0.964579       
 0.391385       19.2647        372.892        1.76499        0.963449       
 0.391063       19.5278        382.864        1.52826        0.963819       
 0.393323       19.4898        381.627        1.77479        0.963769       
 0.393919       19.1323        367.786        1.74           0.963249       
 0.39352        19.3235        375.233        1.83525        0.964429       
 0.394133       19.3564        376.331        1.66258        0.962999       
 0.39583        19.2622        372.814        1.78014        0.962979       
 0.396172       19.1296        367.403        1.45956        0.964759       
 0.395184       19.091         366.159        1.69306        0.963429       
 0.394033       19.2459        372.236        1.83072        0.963839       
 0.393378       19.2024        370.756        2.02415        0.962158       
 0.391666       19.0569        364.949        1.78487        0.963179       
 0.390215       19.1197        367.383        1.81853        0.963659       
 0.389446       19.1505        368.379        1.63866        0.963339       
 0.389823       19.2912        373.882        1.73201        0.963799       
 0.389846       19.2881        374.65         2.61942        0.954168       
 0.38885        19.1853        369.825        1.75049        0.963839       
 0.38807        19.2657        372.783        1.61509        0.963849       
 0.386398       19.1878        369.977        1.80685        0.964419       
 0.387719       19.3722        376.941        1.65833        0.964299       
 0.389242       19.2057        370.313        1.45339        0.965229       
 0.390013       19.1557        368.717        1.77492        0.963619       
 0.390087       19.2003        370.246        1.59557        0.964179       
 0.389889       19.3109        374.829        1.91974        0.963739       
 0.390461       19.2622        372.715        1.6825         0.962969       
 0.391632       19.1793        369.598        1.75255        0.963689       
 0.390687       19.0954        366.293        1.65957        0.963569       
 0.390423       19.2359        371.708        1.68669        0.963309       
 0.390971       19.2785        373.232        1.56975        0.963419       
 0.390806       19.2897        373.656        1.56194        0.963269       
 0.391113       19.1264        367.607        1.78867        0.963489       
 0.391103       19.0591        365.088        1.83991        0.963769       
 0.389255       18.9614        360.991        1.45581        0.964449       
 0.388522       19.1887        369.849        1.64162        0.963909       
 0.387998       19.2022        370.446        1.72259        0.964149       
 0.38797        19.103         366.798        1.87352        0.963699       
 0.388852       19.2213        371.143        1.68408        0.964699       
 0.38871        19.1649        369.211        1.91849        0.963079       
 0.388768       19.2457        372.055        1.65905        0.963629       
 0.388557       19.0861        365.888        1.60742        0.963649       
 0.387503       19.1941        369.811        1.39879        0.963079       
 0.387472       19.1979        370.351        1.79319        0.963999       
 0.387983       19.1647        369.189        1.90129        0.964269       
 0.388716       19.1932        370.184        1.80437        0.963799       
 0.389031       19.4588        380.166        1.52166        0.964039       
 0.390721       19.2932        373.865        1.63867        0.963389       
 0.390703       19.1363        367.776        1.57683        0.963619       
 0.390396       19.2934        374.154        1.91841        0.963259       
 0.389651       19.0916        366.01         1.52153        0.963849       
 0.389879       19.2292        371.608        1.84604        0.963559       
 0.390516       19.0953        366.58         1.94775        0.963469       
 0.391523       19.1654        368.779        1.46592        0.963159       
 0.391752       19.3974        377.977        1.71866        0.964099       
 0.391673       19.0498        364.844        1.94762        0.965159       
 0.390934       19.1846        369.978        1.92784        0.963629       
 0.391293       19.3148        374.855        1.79277        0.963439       
 0.392945       19.1868        370.09         1.95692        0.963309       
 0.394156       19.4125        378.371        1.52765        0.964019       
 0.394197       19.0262        363.826        1.82801        0.962589       
 0.394533       19.3971        377.623        1.37475        0.963739       
 0.39405        19.2802        373.654        1.92649        0.963079       
 0.394727       19.2971        374.305        1.92674        0.964129       
 0.393109       19.241         372.229        2.01343        0.963819       
 0.392218       19.221         371.334        1.88823        0.964549       
 0.393061       19.0556        364.787        1.6699         0.963849       
 0.391841       19.1746        369.316        1.64915        0.964079       
 0.390869       19.2416        371.694        1.45399        0.964129       
 0.389959       19.2993        374.133        1.6702         0.963519       
 0.389829       19.2346        371.607        1.63656        0.963619       
 0.390382       18.9017        358.972        1.69712        0.964369       
 0.389314       19.2075        370.431        1.50391        0.964269       
 0.389222       19.2799        373.216        1.50195        0.963909       
 0.389799       19.2127        371.045        1.91841        0.964149       
 0.390581       19.0554        364.992        1.8833         0.964829       
Execution time: 161.497207

