  -- System info -- 
 Number of particles  : 10
 Number of dimensions : 3
 Number of Metropolis steps run : 10^4.99998
 Number of equilibration steps  : 10^4
 Number of parameters : 1

  -- Results -- 
 Param_1        E              E^2            VAR            % Accepted Transitions
 0.5            19.6485        390.4          4.33718        0.955418       
 0.489757       19.6837        391.353        3.90537        0.954638       
 0.4806         19.4855        383.086        3.40033        0.955788       
 0.47331        19.4006        379.72         3.33813        0.956038       
 0.46513        19.2964        375.613        3.26146        0.956128       
 0.457314       19.4578        381.42         2.81466        0.956868       
 0.449053       19.229         372.49         2.7338         0.959628       
 0.441916       19.3579        377.582        2.85398        0.958698       
 0.435929       19.4413        379.899        1.93569        0.959438       
 0.432024       19.348         376.832        2.4858         0.960428       
 0.426942       19.3145        377.992        4.94302        0.947228       
 0.420152       19.2133        371.689        2.53875        0.962068       
 0.416625       19.26          373.357        2.41021        0.962809       
 0.413128       19.2381        371.81         1.70671        0.961338       
 0.4114         19.2769        373.609        2.00896        0.961468       
 0.407999       19.203         370.786        2.03161        0.962649       
 0.407744       19.046         364.93         2.18053        0.962438       
 0.405837       19.1725        369.279        1.69585        0.961508       
 0.404047       19.2128        371.163        2.03187        0.963879       
 0.403212       19.1206        367.587        1.98918        0.963629       
 0.401978       19.3158        374.793        1.69196        0.962789       
 0.399879       19.1922        370.014        1.6737         0.963159       
 0.398177       19.1817        369.713        1.77659        0.962959       
 0.397601       19.0629        365.326        1.93389        0.962689       
 0.396834       19.2394        371.728        1.57215        0.963579       
 0.397447       19.4324        379.362        1.74575        0.963039       
 0.398629       19.2507        372.347        1.75713        0.962058       
 0.399128       19.0333        364.148        1.8823         0.961988       
 0.397946       19.2016        370.866        2.16598        0.964189       
 0.396779       19.245         372.04         1.67136        0.963539       
 0.395637       18.9465        360.886        1.91469        0.962819       
 0.393757       19.0905        366.053        1.60689        0.964209       
 0.391894       19.4244        379.038        1.73221        0.963639       
 0.391382       19.3964        378.079        1.85848        0.963529       
 0.391502       19.274         373.597        2.11206        0.963889       
 0.392682       19.177         369.28         1.52317        0.965209       
 0.393811       19.3074        374.399        1.6244         0.962458       
 0.393738       19.1868        369.9          1.76833        0.963619       
 0.39295        19.4076        378.49         1.83383        0.963829       
 0.394584       19.0262        363.871        1.87586        0.964279       
 0.392666       19.2598        372.581        1.64203        0.963409       
 0.39242        19.1489        368.371        1.69226        0.963509       
 0.39281        19.2608        372.703        1.72458        0.964149       
 0.393919       19.139         368.002        1.69941        0.964359       
 0.392783       19.1165        367.084        1.6436         0.963099       
 0.391339       19.2329        371.653        1.74937        0.963139       
 0.390291       19.1958        370.291        1.81402        0.963479       
 0.390109       19.0796        365.698        1.66607        0.964229       
 0.388939       19.1732        369.348        1.73639        0.963999       
 0.390031       19.4535        380.189        1.74955        0.964039       
 0.392501       19.1203        367.154        1.56804        0.963559       
 0.390629       19.0617        365.241        1.89161        0.963579       
 0.388776       19.4908        381.549        1.65912        0.964409       
 0.390848       19.3544        376.188        1.59593        0.964179       
 0.392387       19.2464        372.192        1.76692        0.963579       
 0.392251       19.2421        372.017        1.75644        0.963609       
 0.394867       19.2641        372.951        1.84469        0.962649       
 0.394206       19.2537        372.652        1.94674        0.963739       
 0.394554       19.3203        374.848        1.57317        0.963469       
 0.394424       19.2536        372.47         1.76738        0.962869       
 0.394543       19.1213        367.517        1.89493        0.963439       
 0.395049       19.1836        369.844        1.83447        0.962438       
 0.394755       19.263         372.673        1.61139        0.963989       
 0.39478        19.0683        365.503        1.90197        0.962929       
 0.394139       19.2948        374.096        1.80736        0.963019       
 0.394048       19.2593        372.755        1.83318        0.963159       
 0.395009       19.1242        367.386        1.65239        0.962058       
 0.393845       19.0932        366.236        1.68485        0.963979       
 0.392441       19.0883        365.986        1.62473        0.963489       
 0.392577       19.2275        371.41         1.71491        0.963149       
 0.392573       19.0577        364.791        1.59604        0.964669       
 0.390295       19.1567        368.707        1.72944        0.963199       
 0.390685       19.2444        372.082        1.73522        0.963769       
 0.391133       19.3886        377.908        1.99008        0.963519       
 0.394621       19.2167        371.092        1.81196        0.963269       
 0.395545       19.0835        365.933        1.75372        0.962819       
 0.393574       19.0987        366.327        1.56456        0.963309       
 0.392244       19.1142        367.074        1.72111        0.963089       
 0.39107        19.0088        363.061        1.72765        0.963679       
 0.389456       19.1777        369.431        1.64557        0.962889       
 0.388729       19.3406        375.589        1.53181        0.963769       
 0.388068       19.2169        370.931        1.64308        0.963089       
 0.388437       19.3155        374.778        1.6905         0.963479       
 0.390825       19.1709        369.289        1.76556        0.962569       
 0.391702       19.2596        372.673        1.73983        0.963519       
 0.392351       19.1205        367.491        1.89804        0.964359       
 0.390745       19.2038        370.528        1.74154        0.963709       
 0.390411       19.3579        376.208        1.47819        0.963499       
 0.390471       19.3846        377.525        1.7623         0.962999       
 0.390824       19.2243        371.093        1.51859        0.963889       
 0.391312       19.2079        370.461        1.51623        0.962669       
 0.392364       19.1966        370.323        1.81533        0.964089       
 0.391846       19.133         367.378        1.30719        0.963849       
 0.390814       19.1361        368.308        2.11722        0.962949       
 0.388681       19.1362        367.557        1.36331        0.964859       
 0.38621        19.2193        370.707        1.32507        0.964479       
 0.386179       19.0947        366.141        1.53505        0.964229       
 0.384298       19.3231        375.036        1.65345        0.963779       
 0.387319       19.1893        370.02         1.79216        0.964969       
 0.38786        19.2391        371.751        1.60936        0.963649       
 0.388628       19.2758        373.2          1.64191        0.963839       
 0.389492       19.1076        367.054        1.95372        0.962909       
 0.389428       19.128         367.623        1.74294        0.963759       
 0.389325       19.1574        368.801        1.79514        0.962589       
 0.389695       19.1072        366.904        1.81824        0.964139       
 0.387389       19.3675        376.881        1.78303        0.963809       
 0.390111       19.4331        379.307        1.66015        0.964719       
 0.390674       19.4126        378.643        1.7941         0.963559       
 0.391449       19.315         374.725        1.6546         0.964219       
 0.393047       19.2073        370.803        1.88307        0.963529       
 0.393153       19.2727        373.14         1.70145        0.963299       
 0.393366       19.2164        371.254        1.98372        0.964469       
 0.395273       19.1543        368.797        1.90958        0.963099       
 0.394804       19.2521        372.571        1.92971        0.963729       
 0.395091       19.2503        372.369        1.79631        0.962428       
 0.394627       19.2508        372.262        1.66827        0.963509       
 0.393124       19.1749        369.521        1.84394        0.963149       
 0.394292       19.0129        363.171        1.67909        0.963659       
 0.392441       19.1601        368.983        1.87505        0.964019       
 0.39261        19.2383        371.684        1.5722         0.962288       
 0.393448       19.163         368.797        1.57576        0.963299       
 0.392077       19.4561        380.1          1.56076        0.963849       
 0.391932       19.0785        365.702        1.71447        0.964619       
 0.392049       19.2613        372.528        1.53124        0.964429       
 0.392268       19.1252        367.35         1.57756        0.964139       
 0.392073       19.3696        377.081        1.89725        0.964669       
 0.393029       19.1467        368.599        2.00261        0.963309       
 0.391223       19.5621        384.35         1.67394        0.963529       
 0.394138       19.3709        377.12         1.88912        0.963879       
 0.393638       19.1364        367.892        1.68889        0.963669       
 0.3934         19.388         377.673        1.77965        0.963729       
 0.393724       19.3888        377.571        1.64526        0.963169       
 0.394911       19.1766        369.463        1.71983        0.963049       
 0.394235       19.1796        369.304        1.44609        0.964319       
 0.394114       19.1301        367.712        1.75232        0.963059       
 0.393629       19.2412        372.098        1.87364        0.964139       
 0.391972       19.1289        367.953        2.03794        0.962158       
 0.390909       19.118         367.198        1.69858        0.962819       
 0.389637       19.1474        368.413        1.79156        0.963779       
 0.389382       19.1405        367.907        1.54786        0.963579       
 0.390247       19.2831        373.513        1.67355        0.963859       
 0.390602       19.1433        368.475        2.00824        0.963199       
 0.39012        19.2504        372.318        1.7386         0.963899       
 0.389554       19.2896        373.709        1.62133        0.964059       
 0.388245       19.1169        367.255        1.80083        0.963799       
 0.389058       19.2523        372.374        1.72157        0.963869       
 0.390312       19.1995        369.998        1.37654        0.964709       
 0.390927       19.1986        370.488        1.90266        0.963379       
 0.391175       19.1908        369.88         1.59177        0.964539       
 0.390408       19.2606        372.749        1.77741        0.963629       
 0.39085        19.2236        371.232        1.68451        0.962999       
 0.391087       19.2034        370.469        1.69993        0.963499       
 0.389918       19.1065        366.697        1.63836        0.963099       
 0.390256       19.3023        374.191        1.61125        0.963179       
 0.391422       19.3767        376.894        1.43823        0.963179       
 0.391809       19.3179        374.643        1.46247        0.963319       
 0.390959       19.1689        369.095        1.64676        0.963689       
 0.391573       19.0782        365.859        1.87935        0.963609       
 0.389907       18.9319        359.846        1.4289         0.964389       
 0.388265       19.2853        373.676        1.75208        0.963729       
 0.388453       19.3211        375.016        1.70981        0.964439       
 0.387914       19.1084        366.932        1.80183        0.963379       
 0.38847        19.3184        374.929        1.72672        0.965009       
 0.38991        19.1045        367.012        2.02962        0.963219       
 0.390154       19.2134        370.897        1.74078        0.963629       
 0.389893       19.0417        364.43         1.84483        0.964199       
 0.388533       19.182         369.385        1.43595        0.962909       
 0.388053       19.3164        374.859        1.73527        0.963069       
 0.388507       19.2317        371.756        1.89899        0.964709       
 0.389424       19.2062        370.708        1.83042        0.963419       
 0.390375       19.5171        382.529        1.61059        0.964109       
 0.392322       19.3918        377.706        1.66291        0.963109       
 0.392337       19.1708        369.132        1.61289        0.963299       
 0.391579       19.2819        373.628        1.83516        0.963139       
 0.391664       19.101         366.514        1.66621        0.963549       
 0.392176       19.1357        367.851        1.67795        0.963179       
 0.391623       19.0765        365.787        1.87247        0.963149       
 0.392908       19.1414        367.951        1.55798        0.963149       
 0.393306       19.3069        374.453        1.69519        0.963719       
 0.39286        19.064         365.507        2.07229        0.964509       
 0.392148       19.0788        365.828        1.82613        0.963459       
 0.391423       19.2495        372.13         1.58498        0.963329       
 0.392242       19.2352        371.943        1.94898        0.963239       
 0.393682       19.483         381.069        1.48178        0.964459       
 0.395399       18.9921        362.479        1.77867        0.962118       
 0.394968       19.3168        374.65         1.51168        0.963659       
 0.394476       19.3685        376.924        1.78654        0.963479       
 0.395013       19.2883        374.005        1.96569        0.963929       
 0.393498       19.127         367.885        2.04417        0.963669       
 0.391434       19.3183        375.103        1.90757        0.964249       
 0.392859       19.1491        368.406        1.71647        0.964249       
 0.392041       19.2758        373.255        1.69962        0.964219       
 0.391294       19.2187        370.844        1.48693        0.964329       
 0.390744       19.2782        373.42         1.77047        0.963749       
 0.390926       19.2493        372.24         1.7046         0.964059       
 0.391461       18.8767        358.122        1.79373        0.964499       
 0.390058       19.1138        367.238        1.90027        0.964489       
 0.388785       19.2373        371.508        1.4326         0.963469       
 0.388479       19.2484        372.386        1.88503        0.964399       
 0.389879       19.152         368.776        1.97511        0.965099       
Execution time: 163.602961

