  -- System info -- 
 Number of particles  : 10
 Number of dimensions : 3
 Number of Metropolis steps run : 10^6.30103
 Number of equilibration steps  : 10^5
 Number of parameters : 1

  -- Results -- 
 Param_1        E              E^2            VAR            % Accepted Transitions
 0.1            39.353         1635.88        87.2184        0.942278       
 0.105          37.6372        1496.04        79.4826        0.939726       
 0.11           36.0326        1369.87        71.5209        0.93696        
 0.115          34.4669        1252.08        64.1081        0.934001       
 0.12           33.5093        1182.52        59.6478        0.931276       
 0.125          31.9819        1074.47        51.6285        0.928771       
 0.13           31.0987        1017.68        50.5508        0.926086       
 0.135          29.9702        942.795        44.583         0.923162       
 0.14           29.3392        902.392        41.6058        0.920504       
 0.145          28.5957        856.563        38.8492        0.917844       
 0.15           27.47          788.678        34.0786        0.915014       
 0.155          27.0074        763.127        33.7261        0.912523       
 0.16           26.2681        720.688        30.6734        0.910002       
 0.165          25.5146        679.461        28.4648        0.906973       
 0.17           24.8878        645.311        25.9098        0.904249       
 0.175          24.2728        613.064        23.895         0.902092       
 0.18           23.822         590.449        22.9618        0.899379       
 0.185          23.3526        566.45         21.1048        0.896392       
 0.19           22.9396        545.97         19.7463        0.89391        
 0.195          22.4997        525.057        18.8212        0.891613       
 0.2            22.1118        506.373        17.4409        0.888863       
 0.205          21.693         486.658        16.0743        0.886238       
 0.21           21.2929        468.344        14.956         0.883989       
 0.215          20.9282        452.027        14.036         0.881517       
 0.22           20.5865        436.993        13.1891        0.879226       
 0.225          20.4203        429.525        12.5376        0.876312       
 0.23           19.987         410.9          11.4185        0.873684       
 0.235          19.6898        398.313        10.6242        0.871407       
 0.24           19.4965        390.21         10.0973        0.868811       
 0.245          19.2565        380.071        9.25919        0.866527       
 0.25           18.9834        369.107        8.73622        0.86407        
 0.255          18.8761        364.686        8.37719        0.861076       
 0.26           18.5881        353.345        7.82617        0.85898        
 0.265          18.3986        345.752        7.2419         0.856087       
 0.27           18.1935        337.822        6.81923        0.854071       
 0.275          18.0306        331.392        6.29136        0.851568       
 0.28           17.8319        324.009        6.03399        0.849314       
 0.285          17.671         317.805        5.54084        0.846686       
 0.29           17.5178        312.108        5.23332        0.844247       
 0.295          17.3843        307.032        4.81979        0.841599       
 0.3            17.2498        302.13         4.573          0.839448       
 0.305          17.1432        298.14         4.25134        0.836911       
 0.31           16.9801        292.223        3.90004        0.834773       
 0.315          16.8765        288.525        3.70785        0.832571       
 0.32           16.7296        283.283        3.40474        0.830243       
 0.325          16.5972        278.596        3.12757        0.827618       
 0.33           16.5445        276.677        2.95637        0.825174       
 0.335          16.4312        272.699        2.71468        0.82298        
 0.34           16.3146        268.656        2.48927        0.820252       
 0.345          16.2696        266.989        2.28895        0.819273       
 0.35           16.1824        264.022        2.15325        0.816363       
 0.355          16.0795        260.514        1.9643         0.813909       
 0.36           15.9877        257.406        1.80025        0.811531       
 0.365          15.9312        255.43         1.62604        0.80931        
 0.37           15.8512        252.767        1.50644        0.806561       
 0.375          15.8183        251.616        1.39806        0.804625       
 0.38           15.7243        248.503        1.25075        0.802251       
 0.385          15.6736        246.812        1.14941        0.799651       
 0.39           15.6194        244.989        1.02211        0.797791       
 0.395          15.5736        243.462        0.923874       0.795347       
 0.4            15.5276        241.933        0.825633       0.793175       
 0.405          15.4681        239.986        0.723774       0.791493       
 0.41           15.4273        238.652        0.650792       0.789288       
 0.415          15.3801        237.12         0.574213       0.786853       
 0.42           15.3458        235.99         0.496093       0.784924       
 0.425          15.3021        234.583        0.428908       0.782491       
 0.43           15.2846        233.999        0.380334       0.780036       
 0.435          15.2436        232.689        0.321121       0.777882       
 0.44           15.2122        231.678        0.268268       0.77615        
 0.445          15.1795        230.641        0.225219       0.773668       
 0.45           15.1645        230.149        0.185555       0.772014       
 0.455          15.1343        229.194        0.145647       0.76951        
 0.46           15.1179        228.668        0.117354       0.767591       
 0.465          15.0963        227.985        0.0867159      0.764906       
 0.47           15.0781        227.413        0.0633215      0.763515       
 0.475          15.0566        226.745        0.0425803      0.761195       
 0.48           15.0459        226.408        0.0281385      0.759095       
 0.485          15.0308        225.942        0.0154552      0.757123       
 0.49           15.0191        225.58         0.00676866     0.75517        
 0.495          15.0084        225.255        0.00168415     0.752737       
 0.5            15             225            0              0.750747       
 0.505          14.9924        224.772        0.00164176     0.74809        
 0.51           14.9874        224.628        0.00650216     0.746252       
 0.515          14.9821        224.478        0.0147272      0.745294       
 0.52           14.9804        224.438        0.0253127      0.7426         
 0.525          14.9806        224.458        0.0399086      0.741021       
 0.53           14.9743        224.286        0.0576521      0.738482       
 0.535          14.975         224.326        0.076369       0.736163       
 0.54           14.9782        224.446        0.0997906      0.734648       
 0.545          14.9788        224.491        0.125295       0.732806       
 0.55           14.9873        224.768        0.150469       0.730531       
 0.555          14.9838        224.695        0.181319       0.728924       
 0.56           14.9904        224.933        0.221236       0.72685        
 0.565          15.0003        225.259        0.250967       0.724199       
 0.57           15.0105        225.607        0.290824       0.722839       
 0.575          15.0108        225.659        0.335886       0.720894       
 0.58           15.0204        225.988        0.375443       0.71913        
 0.585          15.0346        226.466        0.425506       0.716993       
 0.59           15.0441        226.794        0.470292       0.714617       
 0.595          15.0516        227.068        0.518705       0.712726       
 0.6            15.0682        227.624        0.573215       0.71099        
 0.605          15.0855        228.194        0.621743       0.7091         
 0.61           15.1037        228.809        0.688758       0.706801       
 0.615          15.1271        229.561        0.732392       0.705347       
 0.62           15.1237        229.53         0.803543       0.703571       
 0.625          15.1664        230.881        0.861921       0.701509       
 0.63           15.1588        230.729        0.939812       0.699879       
 0.635          15.1877        231.666        0.998851       0.697822       
 0.64           15.1973        232.034        1.07587        0.695455       
 0.645          15.2474        233.604        1.11978        0.693967       
 0.65           15.2393        233.437        1.19991        0.692121       
 0.655          15.2589        234.115        1.28096        0.69053        
 0.66           15.2797        234.863        1.39322        0.688389       
 0.665          15.3192        236.103        1.42546        0.686862       
 0.67           15.3106        235.95         1.53624        0.684898       
 0.675          15.3443        237.05         1.60139        0.683401       
 0.68           15.3906        238.535        1.66523        0.680857       
 0.685          15.3915        238.663        1.76323        0.679293       
 0.69           15.4035        239.128        1.85983        0.677759       
 0.695          15.4397        240.383        1.99838        0.675439       
 0.7            15.4633        241.121        2.00648        0.674022       
 0.705          15.4984        242.343        2.14166        0.671947       
 0.71           15.5345        243.525        2.2049         0.669978       
 0.715          15.548         244.089        2.34826        0.668295       
 0.72           15.5754        245.026        2.43344        0.667225       
 0.725          15.5908        245.599        2.52764        0.665599       
 0.73           15.6246        246.746        2.61916        0.662526       
 0.735          15.6668        248.159        2.71134        0.661657       
 0.74           15.6849        248.855        2.83933        0.659522       
 0.745          15.7235        250.17         2.94269        0.658194       
 0.75           15.7555        251.25         3.01484        0.656552       
 0.755          15.7753        251.99         3.12885        0.654199       
 0.76           15.7949        252.745        3.26648        0.651865       
 0.765          15.8531        254.686        3.36373        0.651934       
 0.77           15.8888        255.948        3.49472        0.648707       
 0.775          15.886         255.961        3.59585        0.647416       
 0.78           15.9502        258.093        3.68405        0.646194       
 0.785          15.9733        258.975        3.82836        0.644329       
 0.79           16.0062        260.135        3.93781        0.642486       
 0.795          16.017         260.683        4.13925        0.640809       
 0.8            16.0334        261.255        4.18521        0.63888        
 0.805          16.05          262            4.39776        0.637464       
 0.81           16.137         264.895        4.49104        0.635665       
 0.815          16.1379        265.01         4.57834        0.634278       
 0.82           16.1947        266.968        4.7006         0.632816       
 0.825          16.2342        268.357        4.80661        0.630846       
 0.83           16.2583        269.274        4.94245        0.629716       
 0.835          16.2792        270.127        5.11564        0.627508       
 0.84           16.317         271.474        5.23017        0.62581        
 0.845          16.3435        272.484        5.37337        0.623511       
 0.85           16.3849        274.042        5.57783        0.622343       
 0.855          16.4259        275.391        5.57954        0.620583       
 0.86           16.4828        277.358        5.67474        0.619141       
 0.865          16.4911        277.889        5.9339         0.617606       
 0.87           16.5286        279.23         6.03701        0.616614       
 0.875          16.5538        280.341        6.31296        0.614598       
 0.88           16.6048        282.124        6.40518        0.613301       
 0.885          16.6322        283.215        6.58397        0.612062       
 0.89           16.6923        285.201        6.56785        0.609923       
 0.895          16.6866        285.314        6.87126        0.607867       
 0.9            16.7398        287.305        7.08435        0.60596        
Execution time: 450.347708

